0 0.8905982905982905 0.5458333333333334 0.04188034188034188 0.09907407407407408
0 0.8976495726495727 0.29120370370370374 0.03205128205128205 0.08611111111111111
0 0.8017094017094017 0.5662037037037038 0.040170940170940174 0.08611111111111111
0 0.8258547008547008 0.30462962962962964 0.03974358974358974 0.07592592592592592
0 0.7638888888888888 0.31527777777777777 0.03717948717948718 0.075
0 0.7147435897435898 0.26990740740740743 0.03376068376068376 0.07314814814814816
0 0.7275641025641025 0.5791666666666667 0.04145299145299145 0.08425925925925926
0 0.655982905982906 0.26805555555555555 0.03333333333333333 0.06574074074074074
0 0.6331196581196581 0.562962962962963 0.03888888888888889 0.08703703703703704
0 0.6002136752136752 0.2574074074074074 0.03461538461538462 0.07407407407407407
0 0.5549145299145299 0.5833333333333334 0.03974358974358974 0.09074074074074075
0 0.47670940170940174 0.5856481481481481 0.03803418803418803 0.0712962962962963
0 0.3876068376068376 0.6069444444444445 0.041025641025641026 0.08611111111111111
0 0.5322649572649573 0.25601851851851853 0.03034188034188034 0.0712962962962963
0 0.21175213675213675 0.30324074074074076 0.04401709401709402 0.08425925925925926
