0 0.23504273504273504 0.29583333333333334 0.04871794871794872 0.1398148148148148
0 0.17094017094017094 0.6199074074074075 0.041025641025641026 0.08796296296296297
0 0.275 0.625 0.04316239316239316 0.07592592592592592
0 0.5106837606837606 0.17500000000000002 0.03675213675213675 0.07777777777777778
0 0.5884615384615385 0.24953703703703706 0.0452991452991453 0.13796296296296298
0 0.6547008547008547 0.17407407407407408 0.037606837606837605 0.08518518518518518
0 0.5822649572649573 0.6805555555555556 0.04230769230769231 0.1462962962962963
0 0.6683760683760683 0.5995370370370371 0.03247863247863248 0.08240740740740742
0 0.7502136752136752 0.6662037037037037 0.03717948717948718 0.13425925925925927
0 0.7822649572649573 0.5777777777777778 0.02435897435897436 0.06851851851851852
0 0.8559829059829059 0.5731481481481482 0.023076923076923078 0.07222222222222223
0 0.8944444444444445 0.6537037037037037 0.03333333333333333 0.15
