1 0.927734375 0.5014556040756915 0.029296875 0.0713245997088792
1 0.21484375 0.40465793304221254 0.05859375 0.12227074235807861
1 0.3994140625 0.17612809315866085 0.03515625 0.06986899563318777
1 0.513671875 0.17540029112081515 0.03125 0.06550218340611354
1 0.58984375 0.22270742358078605 0.0234375 0.06404657933042213
1 0.45849609375 0.4104803493449782 0.0634765625 0.18340611353711792
1 0.5107421875 0.4126637554585153 0.068359375 0.13828238719068414
1 0.54931640625 0.4585152838427948 0.0361328125 0.07569141193595343
1 0.68701171875 0.46797671033478894 0.0771484375 0.16157205240174674
1 0.77001953125 0.4949053857350801 0.0517578125 0.10480349344978167
1 0.68896484375 0.28457059679767105 0.0224609375 0.053857350800582245
1 0.76025390625 0.2510917030567686 0.0283203125 0.06550218340611354
1 0.87744140625 0.2918486171761281 0.0263671875 0.053857350800582245
1 0.69921875 0.48981077147016017 0.064453125 0.1324599708879185
