1 0.52001953125 0.40995607613469986 0.0439453125 0.05710102489019034
1 0.2314453125 0.17972181551976574 0.041015625 0.03733528550512445
1 0.20654296875 0.11530014641288433 0.0400390625 0.04465592972181552
1 0.208984375 0.05087847730600293 0.029296875 0.022693997071742314
1 0.380859375 0.1281112737920937 0.046875 0.0424597364568082
1 0.41015625 0.1903367496339678 0.04296875 0.029282576866764276
1 0.51025390625 0.12481698389458273 0.0498046875 0.03733528550512445
1 0.1171875 0.16105417276720352 0.041015625 0.043923865300146414
1 0.048828125 0.1123718887262079 0.02734375 0.02855051244509517
1 0.5478515625 0.2335285505124451 0.095703125 0.09224011713030747
1 0.7373046875 0.22620790629575405 0.041015625 0.03953147877013177
1 0.8544921875 0.23316251830161056 0.04296875 0.038799414348462666
1 0.9599609375 0.30453879941434847 0.044921875 0.04978038067349927
