1 0.71240234375 0.061548223350253804 0.0263671875 0.04695431472081218
1 0.927734375 0.038705583756345176 0.029296875 0.03934010152284264
1 0.6103515625 0.10850253807106598 0.01953125 0.031725888324873094
1 0.92529296875 0.15609137055837563 0.0166015625 0.027918781725888322
1 0.8818359375 0.5983502538071066 0.015625 0.04187817258883248
1 0.6201171875 0.572969543147208 0.015625 0.031725888324873094
1 0.1171875 0.024746192893401013 0.033203125 0.03680203045685279
1 0.09033203125 0.2449238578680203 0.0166015625 0.025380710659898477
1 0.47265625 0.05520304568527919 0.033203125 0.049492385786802026
1 0.365234375 0.03680203045685279 0.013671875 0.02284263959390863
1 0.4736328125 0.15736040609137056 0.017578125 0.027918781725888322
1 0.48583984375 0.28553299492385786 0.0283203125 0.08375634517766496
1 0.5654296875 0.22842639593908629 0.017578125 0.027918781725888322
1 0.12109375 0.5222081218274112 0.02734375 0.03680203045685279
1 0.37255859375 0.5355329949238579 0.0146484375 0.02284263959390863
1 0.4775390625 0.5488578680203046 0.03125 0.05710659898477157
1 0.47998046875 0.6516497461928934 0.0205078125 0.029187817258883246
1 0.490234375 0.7798223350253807 0.01953125 0.06979695431472081
1 0.5849609375 0.015862944162436547 0.03125 0.031725888324873094
1 0.09326171875 0.6129441624365481 0.0185546875 0.03045685279187817
1 0.15185546875 0.6294416243654822 0.0146484375 0.03045685279187817
