0 0.1688888888888889 0.1909722222222222 0.07111111111111111 0.15277777777777776
0 0.4038888888888889 0.16840277777777776 0.052222222222222225 0.10416666666666666
0 0.655 0.12065972222222221 0.056666666666666664 0.11631944444444443
0 0.7872222222222223 0.23524305555555555 0.06555555555555556 0.1267361111111111
0 0.9216666666666666 0.4036458333333333 0.0811111111111111 0.16145833333333331
0 0.5661111111111111 0.2907986111111111 0.09222222222222222 0.140625
0 0.47555555555555556 0.390625 0.06444444444444444 0.13541666666666666
0 0.3622222222222222 0.39496527777777773 0.09777777777777778 0.16493055555555555
0 0.18 0.8237847222222222 0.14888888888888888 0.2795138888888889
2 0.7166666666666667 0.8055555555555555 0.16666666666666666 0.2708333333333333
