1 0.61865234375 0.515 0.0576171875 0.06111111111111111
1 0.50830078125 0.5033333333333333 0.0615234375 0.07555555555555556
1 0.3271484375 0.53 0.052734375 0.06888888888888889
1 0.16796875 0.5383333333333333 0.0625 0.07444444444444444
1 0.21630859375 0.4083333333333333 0.0439453125 0.04777777777777778
1 0.3837890625 0.3688888888888889 0.044921875 0.04666666666666667
1 0.52783203125 0.17722222222222223 0.0478515625 0.06111111111111111
1 0.6669921875 0.2911111111111111 0.044921875 0.05555555555555555
1 0.79345703125 0.28 0.0498046875 0.057777777777777775
1 0.9013671875 0.45555555555555555 0.0625 0.06888888888888889
1 0.75634765625 0.47 0.0576171875 0.07555555555555556
