1 0.126953125 0.3430989583333333 0.0234375 0.037760416666666664
1 0.29248046875 0.38346354166666663 0.0205078125 0.03515625
1 0.3232421875 0.396484375 0.0234375 0.04036458333333333
1 0.4013671875 0.361328125 0.01953125 0.03515625
1 0.451171875 0.41015625 0.0234375 0.0390625
1 0.482421875 0.287109375 0.033203125 0.061197916666666664
1 0.78857421875 0.259765625 0.0361328125 0.05859375
1 0.7158203125 0.314453125 0.025390625 0.04036458333333333
1 0.6376953125 0.412109375 0.0234375 0.04296875
1 0.22998046875 0.3255208333333333 0.0263671875 0.049479166666666664
1 0.921875 0.3079427083333333 0.03125 0.05078125
